075998 
076158 
076309 
076310 
076311 
076312 
076313 
076314 
076315 
076316 
076317 
076318 
076583 
076584 
076585 
076586 
076587 
076588 
076589 
076590 
076591 
076592 
076593 
076594 
076595 
076596 
076597 
076598 
076599 
076600 
076601 
076602 
076603 
076605 
076606 
076607 
076610 
077416 
077520 
077521 
077522 
077523 
077524 
077561 
077561 
077561 
077561 
077562 
077562 
077562 
077562 
077563 
077563 
077564 
077564 
077564 
077564 
077565 
077565 
077565 
077566 
077566 
077566 
077567 
077567 
077567 
077568 
077568 
077568 
077568 
077569 
077569 
077569 
077569 
077570 
077570 
077570 
100020 
100021 
100022 
100023 
100024 
100025 
100026 
100027 
100028 
100029 
100030 
100031 
100032 
100033 
100033 
100034 
100153 
100154 
100155 
100156 
100157 
100158 
100159 
100160 
100161 
100162 
100320 
100693 
100694 
100695 
100696 
100698 
100699 
100700 
100701 
100702 
100885 
100886 
101158 
101159 
101160 
101161 
101162 
101164 
101165 
101168 
101179 
101180 
101181 
101185 
101186 
101187 
101188 
101189 
101190 
101191 
101192 
101193 
101194 
101195 
101196 
101197 
102516 
102517 
102518
102519 
207016 
207017 
207018 
207020 
207021 
207022 
207023 
207024 
207025 
207026 
207027 
207028 
207029 
207030 
207031 
207032 
207033 
207034 
207035 
207036 
207037 
207038 
207039 
207040 
207041 
207044 
207045 
207046 
207048 
207050 
207051 
207052 
207053 
207054 
207055 
207056 
207057 
207058 
207059 
207060 
207061 
207062 
207063 
207064 
207065 
